<svg width="48" height="48" viewBox="0 0 48 48" fill="none" xmlns="http://www.w3.org/2000/svg">
<g clip-path="url(#clip0_2335_20535)">
<path d="M13.2881 34.2549C13.2881 35.2995 14.1339 36.1521 15.1745 36.1521H17.3311V41.5269C17.3311 42.8884 18.416 44 19.7489 44C21.0862 44 22.1667 42.8929 22.1667 41.5269V36.1477H25.9307V41.5224C25.9307 42.884 27.0156 43.9955 28.3485 43.9955C29.6858 43.9955 30.7663 42.8884 30.7663 41.5224V36.1477H32.9229C33.9635 36.1477 34.8093 35.295 34.8093 34.2504V16.6084H13.2881V34.2549ZM29.1013 7.46591L31.0896 4.56426C31.2047 4.39462 31.1782 4.16695 31.0232 4.05535C30.8682 3.94821 30.6468 4.00178 30.5316 4.17142L28.4681 7.18914C27.1086 6.64898 25.5942 6.34989 24.0044 6.34989C22.4147 6.34989 20.9002 6.64898 19.5408 7.18914L17.4772 4.17588C17.3621 4.00624 17.1407 3.94821 16.9857 4.05981C16.8307 4.16695 16.8041 4.39016 16.9192 4.56872L18.9075 7.47038C15.7458 8.95245 13.5316 11.7604 13.2482 15.0415H34.7695C34.4772 11.7559 32.2586 8.94799 29.1013 7.46591ZM19.4611 12.0416C18.8057 12.0416 18.2699 11.5059 18.2699 10.8408C18.2699 10.1801 18.8012 9.63992 19.4611 9.63992C20.1164 9.63992 20.6522 10.1756 20.6522 10.8408C20.6478 11.5059 20.1164 12.0416 19.4611 12.0416ZM28.6895 12.0416C28.0341 12.0416 27.4983 11.5059 27.4983 10.8408C27.4983 10.1801 28.0297 9.63992 28.6895 9.63992C29.3449 9.63992 29.8807 10.1756 29.8807 10.8408C29.8763 11.5059 29.3449 12.0416 28.6895 12.0416ZM38.5822 16.5369C37.2448 16.5369 36.1644 17.644 36.1644 19.01V28.6703C36.1644 30.0319 37.2493 31.1434 38.5822 31.1434C39.9195 31.1434 41 30.0363 41 28.6703V19.0056C41.0044 17.6396 39.9239 16.5369 38.5822 16.5369ZM9.41782 16.5369C8.08049 16.5369 7 17.644 7 19.01V28.6703C7 30.0319 8.08492 31.1434 9.41782 31.1434C10.7551 31.1434 11.8356 30.0363 11.8356 28.6703V19.0056C11.8356 17.6396 10.7507 16.5369 9.41782 16.5369Z" fill="#333333"/>
</g>
<defs>
<clipPath id="clip0_2335_20535">
<rect width="48" height="48" fill="white"/>
</clipPath>
</defs>
</svg>


<svg width="48" height="48" viewBox="0 0 48 48" fill="none" xmlns="http://www.w3.org/2000/svg">
<path d="M16.6704 34.1489H30.0484C30.4957 34.1489 30.8594 33.7672 30.8594 33.2976V11.0002C30.8594 10.5307 30.4957 10.1489 30.0484 10.1489H16.6704C16.2231 10.1489 15.8594 10.5307 15.8594 11.0002V33.2972C15.8594 33.7667 16.2231 34.1489 16.6704 34.1489Z" fill="#333333"/>
<path d="M29.9222 6.14893H16.7965C14.0744 6.14893 11.8594 8.4225 11.8594 11.2175V37.0803C11.8594 39.8749 14.074 42.1489 16.7965 42.1489H29.9222C32.6443 42.1489 34.8594 39.8753 34.8594 37.0803V11.2175C34.8594 8.42294 32.6448 6.14893 29.9222 6.14893ZM23.3594 40.6655C22.5264 40.6655 21.851 39.9721 21.851 39.1169C21.851 38.2617 22.5264 37.5684 23.3594 37.5684C24.1924 37.5684 24.8678 38.2617 24.8678 39.1169C24.8678 39.9721 24.1924 40.6655 23.3594 40.6655ZM32.8482 33.1025C32.8482 34.6348 31.634 35.8813 30.1415 35.8813H16.5772C15.0847 35.8813 13.8705 34.6348 13.8705 33.1025V10.9924C13.8705 9.46014 15.0847 8.21366 16.5772 8.21366H30.1415C31.634 8.21366 32.8482 9.46014 32.8482 10.9924V33.1025Z" fill="#333333"/>
</svg>

<svg width="48" height="48" viewBox="0 0 48 48" fill="none" xmlns="http://www.w3.org/2000/svg">
<path d="M34.7771 24.6484C34.7588 21.6319 36.1734 19.3585 39.03 17.6822C37.4323 15.4708 35.0151 14.2544 31.8289 14.02C28.812 13.79 25.5113 15.7184 24.3027 15.7184C23.0254 15.7184 20.1047 14.0996 17.8066 14.0996C13.0638 14.1704 8.02344 17.753 8.02344 25.042C8.02344 27.196 8.43088 29.4207 9.24575 31.7118C10.3353 34.7282 14.2632 42.119 18.3605 41.9995C20.503 41.9509 22.0183 40.5311 24.8063 40.5311C27.5118 40.5311 28.9127 41.9995 31.3024 41.9995C35.4363 41.942 38.9888 35.2236 40.0234 32.1983C34.4795 29.6728 34.7771 24.8032 34.7771 24.6484Z" fill="#333333"/>
<path d="M29.9468 11.4225C32.2649 8.99954 32.0546 6.79388 31.986 6.00098C29.9377 6.10562 27.5692 7.22858 26.2204 8.60912C24.7344 10.0903 23.8611 11.9216 24.0486 13.9864C26.2616 14.1353 28.2825 13.1331 29.9468 11.4225Z" fill="#333333"/>
</svg>

<svg width="48" height="48" viewBox="0 0 48 48" fill="none" xmlns="http://www.w3.org/2000/svg">
<path d="M34.7771 24.6484C34.7588 21.6319 36.1734 19.3585 39.03 17.6822C37.4323 15.4708 35.0151 14.2544 31.8289 14.02C28.812 13.79 25.5113 15.7184 24.3027 15.7184C23.0254 15.7184 20.1047 14.0996 17.8066 14.0996C13.0638 14.1704 8.02344 17.753 8.02344 25.042C8.02344 27.196 8.43088 29.4207 9.24575 31.7118C10.3353 34.7282 14.2632 42.119 18.3605 41.9995C20.503 41.9509 22.0183 40.5311 24.8063 40.5311C27.5118 40.5311 28.9127 41.9995 31.3024 41.9995C35.4363 41.942 38.9888 35.2236 40.0234 32.1983C34.4795 29.6728 34.7771 24.8032 34.7771 24.6484Z" fill="#333333"/>
<path d="M29.9468 11.4225C32.2649 8.99954 32.0546 6.79388 31.986 6.00098C29.9377 6.10562 27.5692 7.22858 26.2204 8.60912C24.7344 10.0903 23.8611 11.9216 24.0486 13.9864C26.2616 14.1353 28.2825 13.1331 29.9468 11.4225Z" fill="#333333"/>
</svg>

<svg width="48" height="48" viewBox="0 0 48 48" fill="none" xmlns="http://www.w3.org/2000/svg">
<path d="M11.4387 13.9171C12.4869 14.4996 13.6419 15.0002 14.8759 15.4132C14.2443 17.8114 13.8837 20.4558 13.825 23.2013H6C6.15529 19.4302 7.45392 15.8008 9.71726 12.8122C10.2667 13.2185 10.8417 13.5876 11.4387 13.9171ZM23.2166 24.7982H15.3922C15.4497 27.3914 15.788 29.8849 16.3782 32.1368C18.5023 31.5727 20.8184 31.2491 23.2166 31.1912V24.7982ZM11.4387 34.0834C12.4869 33.5009 13.6419 33.0002 14.8759 32.5873C14.2443 30.1891 13.8837 27.5447 13.825 24.7992H6C6.15509 28.5706 7.45373 32.2005 9.71726 35.1893C10.2667 34.7827 10.8417 34.4133 11.4387 34.0834ZM24.7834 6.52089V15.2132C27.0291 15.1566 29.1917 14.8564 31.1709 14.336C30.8402 13.3245 30.4329 12.3408 29.9525 11.3937C28.5133 8.58276 26.7016 6.88519 24.7834 6.52089ZM23.2166 23.2023V16.8093C20.8176 16.7514 18.5023 16.4278 16.3782 15.8637C15.788 18.1156 15.4497 20.6091 15.3922 23.2023H23.2166ZM31.6218 15.8637C29.4977 16.4278 27.1824 16.7514 24.7834 16.8093V23.2023H32.6078C32.5503 20.6091 32.212 18.1156 31.6218 15.8637ZM23.2166 41.4796V32.7873C20.9709 32.8439 18.8083 33.1441 16.8291 33.6645C17.1597 34.6764 17.567 35.6606 18.0475 36.6081C19.4867 39.4177 21.2984 41.1153 23.2166 41.4796ZM18.0475 11.3924C17.567 12.3399 17.1597 13.3241 16.8291 14.336C18.8083 14.8564 20.9709 15.1566 23.2166 15.2132V6.52089C21.2984 6.88519 19.4867 8.58276 18.0475 11.3924ZM36.5613 13.9171C35.5131 14.4996 34.3581 15.0002 33.1241 15.4132C33.7557 17.8114 34.1163 20.4558 34.175 23.2013H42C41.8449 19.4299 40.5463 15.8 38.2827 12.8112C37.7333 13.2178 37.1583 13.5872 36.5613 13.9171ZM12.189 12.5162C13.1437 13.0471 14.1976 13.5052 15.3261 13.8862C15.704 12.7317 16.1496 11.6483 16.6585 10.6543C17.5716 8.8715 18.6446 7.46393 19.8477 6.47102C20.0537 6.30063 20.2621 6.14362 20.4729 6C16.6509 6.77298 13.2644 8.7765 10.7283 11.5889C11.1963 11.9278 11.6841 12.2375 12.189 12.5162ZM19.8477 41.5295C18.6446 40.5361 17.5711 39.1285 16.6585 37.3456C16.1496 36.352 15.7038 35.2683 15.3261 34.1138C14.1976 34.4948 13.1444 34.9529 12.189 35.4838C11.6841 35.7625 11.1963 36.0722 10.7283 36.4111C13.2644 39.2235 16.6509 41.2273 20.4729 42C20.2621 41.8567 20.0537 41.6999 19.8477 41.5295ZM35.811 35.4838C34.8563 34.9529 33.8037 34.4948 32.6739 34.1138C32.296 35.2683 31.8504 36.352 31.3415 37.3456C30.4284 39.1285 29.3554 40.5373 28.1523 41.5295C27.9461 41.6995 27.7377 41.8564 27.527 42C31.3491 41.227 34.7356 39.2235 37.2717 36.4111C36.8036 36.0724 36.3158 35.7629 35.811 35.4843V35.4838ZM29.9525 36.6076C30.433 35.6601 30.8403 34.6759 31.1709 33.664C29.1917 33.1436 27.0291 32.8434 24.7834 32.7868V41.4796C26.7016 41.1153 28.5133 39.4177 29.9525 36.6081V36.6076ZM24.7834 24.7982V31.1912C27.1824 31.2491 29.4977 31.5727 31.6218 32.1368C32.212 29.8839 32.5503 27.3926 32.6078 24.7982H24.7834ZM28.1523 6.47102C29.3554 7.46443 30.4289 8.872 31.3415 10.6548C31.8504 11.6488 32.2962 12.7322 32.6739 13.8867C33.8025 13.5057 34.8556 13.0476 35.811 12.5167C36.3159 12.238 36.8037 11.9283 37.2717 11.5894C34.7356 8.7765 31.3491 6.77273 27.527 6C27.7379 6.14362 27.9463 6.30063 28.1523 6.47102ZM38.2827 35.1888C40.5464 32.1998 41.845 28.5698 42 24.7982H34.175C34.1163 27.5437 33.7557 30.1881 33.1241 32.5863C34.3591 33.0002 35.5131 33.5009 36.5613 34.0824C37.1583 34.4123 37.7333 34.7817 38.2827 35.1883V35.1888Z" fill="#333333"/>
</svg>

<svg width="48" height="48" viewBox="0 0 48 48" fill="none" xmlns="http://www.w3.org/2000/svg">
<path d="M35.6316 8C37.0554 8 38.4209 8.5656 39.4276 9.57237C40.4344 10.5791 41 11.9446 41 13.3684V29.4737C41 30.8975 40.4344 32.263 39.4276 33.2697C38.4209 34.2765 37.0554 34.8421 35.6316 34.8421H25.7895V38.4211H31.1579C31.3929 38.421 31.6256 38.4673 31.8428 38.5572C32.0599 38.6471 32.2572 38.7789 32.4234 38.9451C32.5896 39.1113 32.7215 39.3085 32.8114 39.5257C32.9013 39.7428 32.9476 39.9755 32.9476 40.2105C32.9476 40.4455 32.9013 40.6783 32.8114 40.8954C32.7215 41.1125 32.5896 41.3098 32.4234 41.476C32.2572 41.6421 32.0599 41.774 31.8428 41.8639C31.6256 41.9538 31.3929 42 31.1579 42H16.8421C16.6071 42 16.3744 41.9538 16.1572 41.8639C15.9401 41.774 15.7428 41.6421 15.5766 41.476C15.4104 41.3098 15.2785 41.1125 15.1886 40.8954C15.0987 40.6783 15.0524 40.4455 15.0524 40.2105C15.0524 39.9755 15.0987 39.7428 15.1886 39.5257C15.2785 39.3085 15.4104 39.1113 15.5766 38.9451C15.7428 38.7789 15.9401 38.6471 16.1572 38.5572C16.3744 38.4673 16.6071 38.421 16.8421 38.4211H22.2105V34.8421H12.3684C10.9446 34.8421 9.57915 34.2765 8.57237 33.2697C7.5656 32.263 7 30.8975 7 29.4737V13.3684C7 11.9446 7.5656 10.5791 8.57237 9.57237C9.57915 8.5656 10.9446 8 12.3684 8H35.6316ZM24.8947 27.6842H23.1053C22.8702 27.6842 22.6375 27.7304 22.4204 27.8203C22.2032 27.9103 22.0059 28.0421 21.8397 28.2082C21.6735 28.3744 21.5417 28.5717 21.4518 28.7888C21.3618 29.0059 21.3155 29.2387 21.3155 29.4737C21.3155 29.7087 21.3618 29.9414 21.4518 30.1586C21.5417 30.3757 21.6735 30.573 21.8397 30.7391C22.0059 30.9053 22.2032 31.0371 22.4204 31.127C22.6375 31.2169 22.8702 31.2632 23.1053 31.2632H24.8947C25.1298 31.2632 25.3625 31.2169 25.5796 31.127C25.7968 31.0371 25.9941 30.9053 26.1603 30.7391C26.3265 30.573 26.4583 30.3757 26.5482 30.1586C26.6382 29.9414 26.6845 29.7087 26.6845 29.4737C26.6845 29.2387 26.6382 29.0059 26.5482 28.7888C26.4583 28.5717 26.3265 28.3744 26.1603 28.2082C25.9941 28.0421 25.7968 27.9103 25.5796 27.8203C25.3625 27.7304 25.1298 27.6842 24.8947 27.6842Z" fill="#333333"/>
</svg>

